1612044676	/home/tomisami/.spamassassin	1611890275	1611890275
1612044676	/home/tomisami/.spamassassin/user_prefs	1611890275	1611890275
1612044676	/home/tomisami/.trash	1611890280	1611890280
1612044676	/home/tomisami/.contactemail	1611890273	1611890273
1612044676	/home/tomisami/ssl/ssl.db.cache	1611890916	1611890916
1612044676	/home/tomisami/ssl/ssl.db	1611890916	1611890916
1612044676	/home/tomisami/ssl/certs	1611890917	1611890917
1612044676	/home/tomisami/ssl/csrs	1611890281	1611890281
1612044676	/home/tomisami/ssl/keys	1611890916	1611890916
1612044676	/home/tomisami/ssl/keys/a4320_b71ad_646eb4fc6611b353311702e19dc2691d.key	1611890916	1611890916
1612044676	/home/tomisami/.softaculous	1611890518	1611890518
1612044676	/home/tomisami/.softaculous/user.php	1612043061	1612043061
1612044676	/home/tomisami/.softaculous/sess	1612043061	1612043061
1612044676	/home/tomisami/.softaculous/status	1611890518	1611890518
1612044676	/home/tomisami/.softaculous/sitepad.php	1611890518	1611890518
1612044676	/home/tomisami/.cpanel/.resource_logs	1612044102	1612044102
1612044676	/home/tomisami/.cpanel/backup_status	1611978515	1611978515
1612044676	/home/tomisami/.cpanel/quickinstall	1611890281	1611890281
1612044676	/home/tomisami/.cpanel/quickinstall/token	1611890281	1611890281
1612044676	/home/tomisami/etc/ftpquota	1612040966	1612040966
1612044676	/home/tomisami/etc/cacheid	1611890517	1611890517
1612044676	/home/tomisami/.subaccounts	1612040966	1612040966
1612044676	/home/tomisami/.subaccounts/storage.sqlite	1612040966	1612040966
1612044676	/home/tomisami/logs	1611977677	1611977677
1612044676	/home/tomisami/public_ftp	1612041406	1612041406
1612044676	/home/tomisami/public_ftp/.ftpquota	1611910059	1611910059
1612044676	/home/tomisami/public_ftp/incoming	1611890273	1611890273
