1611892801,9.6,18468,208
1611896402,0.6,25034,14
1611900001,0,0,0
1611903602,0,0,0
1611907201,0,0,0
1611910802,0,0,0
1611914401,0,0,0
1611918001,0,0,0
1611921601,0,2316,1
1611925201,0,0,0
1611928801,0,0,0
1611932401,0,0,0
1611936001,0,0,0
1611939601,0,0,0
1611943201,0,0,0
1611946802,0,0,0
1611950401,0,0,0
1611954001,0,0,0
1611957601,0,0,0
1611961201,0,0,0
1611964801,0,2316,1
1611968401,0,0,0
1611972001,0,0,0
1611975602,0,0,0
1611979201,0.6,10856,27
1611982802,0,14863,2
1611986402,0,0,0
1611990001,0,0,0
1611993601,0,0,0
1611997201,0,0,0
1612000801,0,0,0
1612004401,0,0,0
1612008001,0,2316,1
1612011601,0,0,0
1612015202,0,0,0
1612018801,0,0,0
1612022401,0,0,0
1612026001,0,0,0
1612029601,0,0,0
1612033201,0,0,0
1612036802,0,0,0
1612040401,3.6,19289,87
1612044001,18.6,19401,328
1612047601,1.2,24502,24
1612051201,0,2316,1
1612054801,0,0,0
1612058402,0,0,0
1612062001,0,0,0
1612065601,0,0,0
1612069201,0.6,11204,33
1612072802,0,0,0
1612076402,0,0,0
1612080001,0,0,0
1612083601,0,0,0
1612087201,0,0,0
1612090801,0,0,0
1612094402,0,2316,1
1612098002,0,0,0
1612101601,0,0,0
1612105201,0,0,0
1612108801,0,0,0
1612112401,0,0,0
1612116002,0,0,0
1612119601,0,0,0
1612123201,0,0,0
1612126802,0,0,0
1612130402,0,0,0
1612134001,0,0,0
1612137601,0,2316,1
1612141201,0,0,0
1612144801,0,0,0
1612148401,0,0,0
1612152001,0,0,0
1612155601,1.2,11559,31
1612159201,0,0,0
1612162802,0,0,0
1612166401,0,0,0
1612170002,0,0,0
1612173601,0,0,0
1612177201,0,0,0
1612180801,0,2316,1
1612184402,0,0,0
1612188001,0,0,0
1612191601,0,0,0
1612195201,0,0,0
1612198801,0,0,0
1612202402,0,0,0
1612206001,0,0,0
1612209601,0,0,0
1612213201,0,0,0
1612216802,0,0,0
1612220401,0,0,0
1612224001,0,2316,1
1612227601,0,0,0
1612231201,0,0,0
1612234801,0,0,0
1612238401,0,0,0
1612242001,0.6,12135,17
1612245601,0,0,0
1612249202,0,0,0
1612252801,0,0,0
1612256402,0,0,0
1612260001,0,0,0
1612263601,0,0,0
1612267201,0,2316,1
1612270801,0,0,0
1612274401,0,0,0
1612278002,0,0,0
1612281601,0,0,0
1612285201,0,0,0
1612288801,0,0,0
1612292401,0,0,0
1612296001,0,0,0
1612299601,0,0,0
1612303201,0,0,0
1612306801,0,0,0
1612310401,0,2316,1
1612314001,0,0,0
1612317601,0,0,0
1612321201,0,0,0
1612324802,0,0,0
1612328401,0.6,12125,17
1612332001,0,0,0
1612335601,0,0,0
1612339202,0,0,0
1612342801,0,0,0
1612346401,0,0,0
1612350001,0,0,0
1612353601,0,2316,1
1612357201,0,0,0
1612360801,0,0,0
1612364401,0,0,0
1612368001,0,0,0
1612371601,0,0,0
1612375201,0,0,0
1612378802,0,0,0
1612382401,0,0,0
1612386002,0,0,0
1612389601,0,0,0
1612393201,0,0,0
1612396802,0,2316,1
1612400401,0,0,0
1612404001,0,0,0
1612407601,0,0,0
1612411201,0,14863,2
1612414802,0.6,11586,15
1612418401,0,0,0
1612422001,0,0,0
1612425602,0,0,0
1612429202,0,0,0
1612432801,0,0,0
1612436401,0,0,0
1612440002,0,2316,1
1612443601,0,0,0
1612447201,0,0,0
1612450801,0,0,0
1612454401,0,0,0
1612458001,0,0,0
1612461601,0,0,0
1612465201,0,0,0
1612468802,0,0,0
1612472401,0,0,0
1612476002,0,0,0
1612479601,0,0,0
1612483201,0,2316,1
1612486802,0,0,0
1612490402,0,0,0
1612494001,0,0,0
1612497602,0,14879,2
1612501201,0,0,0
1612504802,1.2,10702,29
1612508401,0,0,0
1612512001,0,0,0
1612515601,0,0,0
1612519201,0,0,0
1612522801,0,0,0
1612526401,0,2316,1
1612530001,0,0,0
1612533601,0,0,0
1612537201,0,0,0
1612540801,0,0,0
1612544401,0,0,0
1612548002,0,0,0
1612551602,0,0,0
1612555201,0,0,0
1612558802,0,0,0
1612562402,0,0,0
1612566001,0,0,0
1612569602,0,2316,1
1612573201,0,0,0
1612576801,0,0,0
1612580402,0,0,0
1612584001,0,14879,2
1612587601,0,0,0
1612591201,0.6,10787,29
1612594801,0,0,0
1612598401,0,0,0
1612602001,0,0,0
1612605601,0,0,0
1612609201,0,0,0
1612612801,0,2316,1
1612616401,0,0,0
1612620002,0,0,0
1612623601,0,0,0
1612627201,0,0,0
1612630801,0,0,0
1612634401,0,0,0
1612638001,0,0,0
1612641601,0,0,0
1612645201,0,0,0
1612648801,0,0,0
1612652401,0,0,0
1612656001,0,2316,1
1612659601,0,0,0
1612663201,0,0,0
1612666801,0,0,0
1612670401,0,14863,2
1612674001,0,0,0
1612677601,0.6,10884,29
1612681201,0,0,0
1612684801,0,0,0
1612688401,0,0,0
1612692001,0,0,0
1612695602,0,0,0
1612699201,0,2316,1
1612702802,0,0,0
1612706401,0,0,0
1612710002,0,0,0
1612713601,0,0,0
1612717201,0,0,0
1612720801,0,0,0
1612724401,0,0,0
1612728001,0,0,0
1612731601,0,0,0
1612735201,0,0,0
1612738801,0,0,0
1612742401,0,2316,1
1612746001,0,0,0
1612749601,0,0,0
1612753202,0,0,0
1612756802,0,14863,2
1612760402,0,0,0
1612764001,0,0,0
1612767601,0.6,11419,15
1612771201,0,0,0
1612774802,0,0,0
1612778401,0,0,0
1612782002,0,0,0
1612785601,0,2316,1
1612789202,0,0,0
1612792801,0,0,0
1612796401,0,0,0
1612800001,0,0,0
1612803601,0,0,0
1612807201,0,0,0
1612810801,0,0,0
1612814401,0,0,0
1612818001,0,0,0
1612821601,0,0,0
1612825201,0,0,0
1612828801,0,2316,1
1612832402,0,0,0
1612836001,0,0,0
1612839601,0,0,0
1612843201,0,14863,2
1612846801,0,0,0
1612850402,0,0,0
1612854001,0.6,10523,29
1612857601,0,0,0
1612861201,0,0,0
1612864801,0,0,0
1612868401,0,0,0
1612872001,0,2316,1
1612875602,0,0,0
1612879202,0,0,0
1612882801,0,0,0
1612886401,0,0,0
1612890001,0,0,0
1612893601,0,0,0
1612897201,0,0,0
1612900801,0,0,0
1612904401,0,0,0
1612908001,0,0,0
1612911601,0,0,0
1612915201,0,2316,1
1612918801,0,0,0
1612922401,0,0,0
1612926001,0,0,0
1612929601,0,14863,2
1612933201,0,0,0
1612936802,0,0,0
1612940401,0.6,10795,29
1612944002,0,0,0
1612947601,0,0,0
1612951201,0,0,0
1612954801,0,0,0
1612958402,0,2316,1
1612962001,0,0,0
1612965601,0,0,0
1612969201,0,0,0
1612972802,0,0,0
1612976401,0,0,0
1612980001,0,0,0
1612983601,0,0,0
1612987201,0,0,0
1612990801,0,0,0
1612994401,0,0,0
1612998001,0,0,0
1613001601,0,2316,1
1613005202,0,0,0
1613008801,0,0,0
1613012401,0,0,0
1613016002,0,14863,2
1613019602,0,0,0
1613023201,0,0,0
1613026801,0.6,10614,29
1613030402,0,0,0
1613034001,0,0,0
1613037602,0,0,0
1613041201,0,0,0
1613044801,0,2316,1
1613048401,0,0,0
1613052001,0,0,0
1613055602,0,0,0
1613059201,0,0,0
1613062802,0,0,0
1613066401,0,0,0
1613070001,0,0,0
1613073601,0,0,0
1613077201,0,0,0
1613080801,0,0,0
1613084402,0,0,0
1613088001,0,2316,1
1613091601,0,0,0
1613095202,0,0,0
1613098801,0,0,0
1613102401,0,14863,2
1613106001,0,0,0
1613109601,0,0,0
1613113201,0.6,10528,29
1613116801,0,0,0
1613120402,0,0,0
1613124002,0,0,0
1613127601,0,0,0
1613131201,0,2316,1
1613134801,0,0,0
1613138401,0,0,0
1613142001,0,0,0
1613145602,0,0,0
1613149201,0,0,0
1613152801,0,0,0
1613156401,0,0,0
1613160001,0,0,0
1613163601,0,0,0
1613167201,0,0,0
1613170802,0,0,0
1613174401,0,2316,1
1613178001,0,0,0
1613181602,0,0,0
1613185201,0,0,0
1613188802,0,14863,2
1613192401,0,0,0
1613196001,0,0,0
1613199602,0.6,10797,29
1613203201,0,0,0
1613206802,0,0,0
1613210401,0,0,0
1613214001,0,0,0
1613217601,0,2316,1
1613221201,0,0,0
1613224801,0,0,0
1613228401,0,0,0
1613232001,0,0,0
1613235602,0,0,0
1613239201,0,0,0
1613242801,0,0,0
1613246401,0,0,0
1613250001,0,0,0
1613253601,0,0,0
1613257201,0,0,0
1613260801,0,2316,1
1613264402,0,0,0
1613268001,0,0,0
1613271602,0,0,0
1613275201,0,14863,2
1613278802,0,0,0
1613282402,0,0,0
1613286001,0.6,10167,29
1613289601,0,0,0
1613293202,0,0,0
1613296801,0,0,0
1613300401,0,0,0
1613304001,0,2316,1
1613307601,0,0,0
1613311201,0,0,0
1613314801,0,0,0
1613318401,0,0,0
1613322002,0,0,0
1613325601,0,0,0
1613329201,0,0,0
1613332801,0,0,0
1613336401,0,0,0
1613340001,0,0,0
1613343601,0,0,0
1613347202,0,2316,1
1613350801,0,0,0
1613354402,0,0,0
1613358001,0,0,0
1613361602,0,14863,2
1613365201,0,0,0
1613368801,0,0,0
1613372401,0.6,11338,29
1613376001,0,0,0
1613379601,0,0,0
1613383201,0,0,0
1613386801,0,0,0
1613390401,0,2316,1
1613394001,0,0,0
1613397601,0,0,0
1613401202,0,0,0
1613404802,0,0,0
1613408401,0,0,0
1613412001,0,0,0
1613415602,0,0,0
1613419201,0,0,0
1613422802,0,0,0
1613426401,0,0,0
1613430002,0,0,0
1613433601,0,2316,1
1613437201,0,0,0
1613440802,0,0,0
1613444401,0,0,0
1613448001,0,14863,2
1613451602,0,0,0
1613455202,0,0,0
1613458802,0,0,0
1613462401,0.6,11160,29
1613466001,0,0,0
1613469602,0,0,0
1613473201,0,0,0
1613476801,0,2316,1
1613480401,0,0,0
1613484002,0,0,0
1613487601,0,0,0
1613491202,0,0,0
1613494801,0,0,0
1613498402,0,0,0
1613502001,0,0,0
1613505601,0,0,0
1613509201,0,0,0
1613512802,0,0,0
1613516401,0,0,0
1613520001,0,2316,1
1613523602,0,0,0
1613527201,0,0,0
1613530801,0,0,0
1613534401,0,14863,2
1613538001,0,0,0
1613541601,0,0,0
1613545201,0,0,0
1613548802,0.6,10345,29
1613552402,0,0,0
1613556001,0,0,0
1613559602,0,0,0
1613563202,0,2316,1
1613566802,0,0,0
1613570401,0,0,0
1613574002,0,0,0
1613577601,0,0,0
1613581201,0,0,0
1613584802,0,0,0
1613588402,0,0,0
1613592001,0,0,0
1613595601,0,0,0
1613599202,0,0,0
1613602801,0,0,0
1613606401,0,2316,1
1613610001,0,0,0
1613613602,0,0,0
1613617202,0,0,0
1613620801,0,14863,2
1613624402,0,0,0
1613628001,0,0,0
1613631601,0,0,0
1613635201,0.6,11085,15
1613638801,0,0,0
1613642401,0,0,0
1613646001,0,0,0
1613649601,0,2316,1
1613653202,0,0,0
1613656801,0,0,0
1613660401,0,0,0
1613664001,0,0,0
1613667601,0,0,0
1613671202,0,0,0
1613674801,0,0,0
1613678402,0,0,0
1613682001,0,0,0
1613685601,0,0,0
1613689202,0,0,0
1613692801,0,2316,1
1613696401,0,0,0
1613700001,0,0,0
1613703602,0,0,0
1613707201,0,14879,2
1613710802,0,0,0
1613714401,0,0,0
1613718001,0,0,0
1613721601,0.6,11781,15
1613725202,0,0,0
1613728801,0,0,0
1613732401,0,0,0
1613736002,0,2316,1
1613739601,0,0,0
1613743201,0,0,0
1613746801,0,0,0
1613750401,0,0,0
1613754001,0,0,0
1613757602,0,0,0
1613761201,0,0,0
1613764801,0,0,0
1613768402,0,0,0
1613772001,0,0,0
1613775601,0,0,0
1613779201,0,2316,1
1613782802,0,0,0
1613786401,0,0,0
1613790002,0,0,0
1613793601,0,14863,2
1613797201,0,0,0
1613800801,0,0,0
1613804401,0,0,0
1613808002,0.6,10437,29
1613811602,0,0,0
1613815201,0,0,0
1613818801,0,0,0
1613822402,0,2316,1
1613826002,0,0,0
1613829601,0,0,0
1613833201,0,0,0
1613836802,0,0,0
1613840402,0,0,0
1613844001,0,0,0
1613847601,0,0,0
1613851201,0,0,0
1613854801,0,0,0
1613858401,0,0,0
1613862002,0,0,0
1613865601,0,2316,1
1613869201,0,0,0
1613872801,0,0,0
1613876401,0,0,0
1613880001,0,14863,2
1613883601,0,0,0
1613887202,0,0,0
1613890801,0,0,0
1613894401,1.2,10708,29
1613898001,0,0,0
1613901601,0,0,0
1613905201,0,0,0
1613908801,0,2316,1
1613912401,0,0,0
1613916002,0,0,0
1613919601,0,0,0
1613923201,0,0,0
1613926801,0,0,0
1613930402,0,0,0
1613934002,0,0,0
1613937601,0,0,0
1613941201,0,0,0
1613944801,0,0,0
1613948401,0,0,0
1613952001,0,2316,1
1613955601,0,0,0
1613959201,0,0,0
1613962801,0,0,0
1613966402,0,14863,2
1613970001,0,0,0
1613973601,0,0,0
1613977201,0,0,0
1613980801,0.6,10166,29
1613984402,0,0,0
1613988001,0,0,0
1613991601,0,0,0
1613995201,0,2316,1
1613998801,0,0,0
1614002401,0,0,0
1614006001,0,0,0
1614009601,0,0,0
1614013201,0,0,0
1614016802,0,0,0
1614020402,0,0,0
1614024002,0,0,0
1614027601,0,0,0
1614031201,0,0,0
1614034802,0,0,0
1614038401,0,2316,1
1614042002,0,0,0
1614045601,0,0,0
1614049201,0,0,0
1614052801,0,14879,2
1614056401,0,0,0
1614060002,0,0,0
1614063602,0,0,0
1614067201,0,0,0
1614070802,0.6,11255,15
1614074401,0,0,0
1614078001,0,0,0
1614081602,0,2316,1
1614085201,0,0,0
1614088801,0,0,0
1614092402,0,0,0
1614096001,0,0,0
1614099602,0,0,0
1614103201,0,0,0
1614106801,0,38992,2
1614110402,0,0,0
1614114001,0,0,0
1614117601,0,0,0
1614121201,0,0,0
1614124802,0,2316,1
1614128401,0,0,0
1614132002,0,0,0
1614135601,0,0,0
1614139201,0,14863,2
1614142801,0,0,0
1614146401,0,0,0
1614150001,0,38992,2
1614153601,0,0,0
1614157202,0.6,11780,15
1614160801,0,0,0
1614164401,0,0,0
1614168002,0,2316,1
1614171602,0,0,0
1614175201,0,0,0
1614178801,0,0,0
1614182402,0,0,0
1614186001,0,0,0
1614189601,0,0,0
1614193202,0,0,0
1614196801,0,0,0
1614200401,0,0,0
1614204001,0,0,0
1614207601,0,0,0
1614211201,0,2316,1
1614214801,0,0,0
1614218401,0,0,0
1614222002,0,0,0
1614225601,0,14879,2
1614229202,0,0,0
1614232801,0,0,0
1614236401,0,0,0
1614240001,0,0,0
1614243602,1.2,10799,29
1614247201,0,0,0
1614250802,0,0,0
1614254401,0,2316,1
1614258001,0,0,0
1614261601,0,0,0
1614265201,0,0,0
1614268801,0,0,0
1614272402,0,0,0
1614276002,0,0,0
1614279602,0,0,0
1614283202,0,0,0
1614286801,0,0,0
1614290401,0,0,0
1614294002,0,0,0
1614297601,0,2316,1
1614301201,0,0,0
1614304802,0,0,0
1614308401,0,0,0
1614312001,0,14879,2
1614315601,0,0,0
1614319201,0,0,0
1614322802,0,0,0
1614326401,0,0,0
1614330002,1.2,10708,29
1614333602,0,0,0
1614337201,0,0,0
1614340801,0,2316,1
1614344401,0,0,0
1614348002,0,0,0
1614351601,0,0,0
1614355201,0,0,0
1614358802,0,0,0
1614362401,0,0,0
1614366001,0,0,0
1614369601,0,0,0
1614373201,0,0,0
1614376801,0,0,0
1614380401,0,0,0
1614384002,0,2316,1
1614387601,0,0,0
1614391201,0,0,0
1614394801,0,0,0
1614398401,0,14863,2
1614402001,0,0,0
1614405602,0,0,0
1614409202,0,0,0
1614412802,0,0,0
1614416401,0.6,10889,29
1614420001,0,0,0
1614423601,0,0,0
1614427202,0,2316,1
1614430801,0,0,0
1614434401,0,0,0
1614438001,0,0,0
1614441601,0,0,0
1614445202,0,0,0
1614448801,0,0,0
1614452401,0,0,0
1614456002,0,0,0
1614459602,0,0,0
1614463201,0,0,0
1614466801,0,0,0
1614470401,0,2316,1
1614474002,0,0,0
1614477601,0,0,0
1614481202,0,0,0
1614484801,0,14863,2
1614488401,0,0,0
1614492001,0,0,0
1614495601,0,0,0
1614499202,0,0,0
1614502801,0.6,10543,30
1614506402,0,0,0
1614510001,0,0,0
1614513601,0,2316,1
1614517201,0,0,0
1614520801,0,0,0
1614524401,0,0,0
1614528002,0,0,0
1614531602,0,0,0
1614535201,0,0,0
1614538801,0,0,0
1614542401,0,0,0
1614546001,0,0,0
1614549601,0,0,0
1614553201,0,0,0
1614556801,0,2316,1
1614560402,0,0,0
1614564002,0,0,0
1614567601,0,0,0
1614571201,0,14863,2
1614574801,0,0,0
1614578401,0,0,0
1614582002,0,0,0
1614585602,0,0,0
1614589201,0,0,0
1614592801,1.2,10527,29
1614596401,0,0,0
1614600001,0,2316,1
1614603601,0,0,0
1614607201,0,0,0
1614610802,0,0,0
1614614401,0,0,0
1614618001,0,0,0
1614621601,0,0,0
1614625201,0,0,0
1614628802,0,0,0
1614632401,0,0,0
1614636002,0,0,0
1614639602,0,0,0
1614643201,0,2316,1
1614646802,0,0,0
1614650402,0,0,0
1614654002,0,0,0
1614657602,0,14863,2
1614661201,0,0,0
1614664802,0,0,0
1614668402,0,0,0
1614672002,0,0,0
1614675601,0,0,0
1614679201,0.6,10656,19
1614682801,0,0,0
1614686401,0,2316,1
1614690002,0,0,0
1614693601,0,0,0
1614697201,0,0,0
1614700801,0,0,0
1614704401,0,0,0
1614708002,0,0,0
1614711602,0,0,0
1614715201,0,0,0
1614718802,0,0,0
1614722401,0,0,0
1614726001,0,0,0
1614729602,0,2316,1
1614733201,0,0,0
1614736802,0,0,0
1614740401,0,0,0
1614744001,0,14863,2
1614747601,0,0,0
1614751201,0,0,0
1614754802,0,0,0
1614758401,0,0,0
1614762001,0,0,0
1614765602,1.2,10617,29
1614769202,0,0,0
1614772801,0,2316,1
1614776401,0,0,0
1614780002,0,0,0
1614783601,0,0,0
1614787201,0,0,0
1614790802,0,0,0
1614794401,0,0,0
1614798001,0,0,0
1614801601,0,0,0
1614805202,0,18609,57
1614808802,0,0,0
1614812401,0,0,0
1614816002,0,2316,1
1614819601,0,0,0
1614823202,0,0,0
1614826801,0,0,0
1614830401,0,14863,2
1614834001,0,0,0
1614837601,0,0,0
1614841201,0,0,0
1614844801,0,0,0
1614848401,0,0,0
1614852001,1.2,10350,29
1614855601,0,0,0
1614859201,0,2316,1
1614862801,0,0,0
1614866401,0,0,0
1614870001,0,0,0
1614873601,0,0,0
1614877201,0,0,0
1614880801,0,0,0
1614884401,0,0,0
1614888002,0,0,0
1614891601,0,0,0
1614895201,0,0,0
1614898801,0,0,0
1614902402,0,2316,1
1614906001,0,0,0
1614909602,0,0,0
1614913202,0,0,0
1614916801,0,14879,2
1614920401,0,0,0
1614927601,0,0,0
1614931201,0,0,0
1614934801,0,0,0
1614938401,0.6,11572,31
1614942001,0,14959,2
1614945601,0,10745,3
1614949202,0,14959,2
1614952801,0,14959,2
1614956401,0,14959,2
1614960001,0,14959,2
1614963602,0,14959,2
1614967201,0,14959,2
1614970801,0,14959,2
1614974401,0,14959,2
1614978001,0,14959,2
1614981601,0,14959,2
1614985201,0,14959,2
1614988801,0,10745,3
1614992401,0,14959,2
1614996002,0,14959,2
1614999601,0,14959,2
1615003202,0,14919,4
1615006801,0,14959,2
1615010401,0,14959,2
1615014001,0,14959,2
1615017601,0,14959,2
1615021201,0,14959,2
1615024801,0.6,10895,31
1615028402,0,14959,2
1615032001,0,10745,3
1615035602,0,14959,2
1615039202,0,14959,2
1615042801,0,14959,2
1615046401,0,14959,2
1615050001,0,14959,2
1615053601,0,14959,2
1615057201,0,14959,2
1615060802,0,14959,2
1615064401,0,14959,2
1615068001,0,14959,2
1615071601,0,14959,2
1615075201,0,10739,3
1615078801,0,14959,2
1615082402,0,14959,2
1615086002,0,14951,2
1615089601,0,14915,4
1615093202,0,14951,2
1615096801,0,14959,2
1615100401,0,14959,2
1615104001,0,14959,2
1615107601,0,14951,2
1615111201,0.6,10815,31
1615114801,0,14959,2
1615118401,0,10745,3
1615122001,0,14951,2
1615125601,0,14959,2
1615129201,0,14959,2
1615132802,0,14951,2
1615136401,0,14951,2
1615140001,0,14959,2
1615143601,0,14959,2
1615147201,0,14951,2
1615150801,0,14959,2
1615154401,0,14959,2
1615158001,0,14951,2
1615161601,0,10745,3
1615165201,0,14959,2
1615168801,0,14951,2
1615172401,0,14959,2
1615176001,0,14915,4
1615179602,0,14951,2
1615183201,0,14959,2
1615186801,0,14959,2
1615190401,0,14959,2
1615194001,0,14959,2
1615197602,0,14959,2
1615201201,0.6,12004,17
1615204801,0,10745,3
1615208401,0,14959,2
1615212001,0,14959,2
1615215601,0,14959,2
1615219201,0,14959,2
1615222801,0,14959,2
1615226401,0,14959,2
1615230001,0,14959,2
1615233602,0,14959,2
1615237201,0,14959,2
1615240801,0,14959,2
1615244402,0,14959,2
1615248001,0,10745,3
1615251601,0,14959,2
1615255201,0,14959,2
1615258801,0,14959,2
1615262401,0,14911,4
1615266001,0,14959,2
1615269601,0,14959,2
1615273201,0,14959,2
1615276801,0,14959,2
1615280401,0,14959,2
1615284002,0,14919,4
1615287601,0.6,11056,33
1615291201,0,12398,5
1615294801,0,14919,4
1615298401,0,14919,4
1615302002,0,14911,4
1615305602,0,14919,4
1615309201,0,14911,4
1615312801,0,14919,4
1615316401,0,14919,4
1615320001,0,14919,4
1615323601,0,14919,4
1615327201,0,14919,4
1615330801,0,14919,4
1615334402,0,12398,5
1615338001,0,14911,4
1615341602,0,14919,4
1615345202,0,14919,4
1615348802,0,14900,6
1615352401,0,14919,4
1615356001,0,14919,4
1615359601,0,14919,4
1615363201,0,14919,4
1615366802,0,14919,4
1615370401,0,14919,4
1615374001,0.6,11376,33
1615377601,0,12392,5
1615381202,0,14919,4
1615384801,0,14911,4
1615388402,0,14919,4
1615392001,0,14919,4
1615395602,0,14919,4
1615399201,0,14919,4
1615402801,0,14919,4
1615406401,0,14919,4
1615410001,0,14919,4
1615413601,0,14919,4
1615417201,0,14919,4
1615420802,0,12398,5
1615424401,0,14919,4
1615428002,0,14919,4
1615431601,0,14919,4
1615435201,0,14895,6
1615438801,0,14911,4
1615442401,0,14911,4
1615446001,0,14911,4
1615449601,0,14911,4
1615453201,0,14911,4
1615456801,0,14911,4
1615460401,0.6,11058,33
1615464001,0,12392,5
1615467602,0,14911,4
1615471201,0,14911,4
1615474801,0,14911,4
1615478401,0,14911,4
1615482001,0,14911,4
1615485601,0,14911,4
1615489201,0,14911,4
1615492801,0,14911,4
1615496401,0,14911,4
1615500002,0,14911,4
1615503601,0,14911,4
1615507202,0,12392,5
1615510801,0,14911,4
1615514401,0,14911,4
1615518001,0,14911,4
1615521601,0,14895,6
1615525201,0,14919,4
1615528801,0,14919,4
1615532401,0,14919,4
1615536002,0,14919,4
1615539601,0,14919,4
1615543201,0,14919,4
1615546801,0.6,11295,33
1615550402,0,12392,5
1615554001,0,14911,4
1615557601,0,14919,4
1615561201,0,14919,4
1615564801,0,14919,4
1615568401,0,14919,4
1615572001,0,14919,4
1615575601,0,14919,4
1615579201,0,14919,4
1615582801,0,14919,4
1615586401,0,14919,4
1615590001,0,14911,4
1615593601,0,12398,5
1615597202,0,14919,4
1615600801,0,14919,4
1615604401,0,14919,4
1615608001,0,14900,6
1615611602,0,14919,4
1615615202,0,14911,4
1615618801,0,14911,4
1615622401,0,14911,4
1615626001,0,14911,4
1615629601,0,14911,4
1615633201,0,14911,4
1615636801,0.6,11338,34
1615640402,0,14911,4
1615644001,0,14911,4
1615647601,0,14911,4
1615651201,0,14919,4
1615654801,0,14919,4
1615658402,0,14919,4
1615662001,0,14919,4
1615665601,0,14919,4
1615669201,0,14919,4
1615672802,0,14919,4
1615676401,0,14919,4
1615680001,0,12398,5
1615683601,0,14919,4
1615687201,0,14919,4
1615690801,0,14919,4
1615694402,0,14906,6
1615698001,0,14919,4
1615701601,0,14919,4
1615705201,0,14919,4
1615708801,0,14919,4
1615712402,0,14919,4
1615716001,0,14919,4
1615719601,0,12398,5
1615723202,0.6,11216,33
1615726801,0,14919,4
1615730401,0,14919,4
1615734001,0,14919,4
1615737601,0,14919,4
1615741201,0,14919,4
1615744801,0,14919,4
1615748401,0,14919,4
1615752001,0,14919,4
1615755602,0,14919,4
1615759201,0,14919,4
1615762801,0,12398,5
1615766401,0,14919,4
1615770002,0,14919,4
1615773601,0,14919,4
1615777201,0,14900,6
1615780801,0,14911,4
1615784402,0,14911,4
1615788001,0,14911,4
1615791601,0,14911,4
1615795201,0,14919,4
1615798801,0,14911,4
1615802402,0,14911,4
1615806001,0,12392,5
1615809601,0.6,11296,33
1615813201,0,14911,4
1615816801,0,14911,4
1615820401,0,14911,4
1615824002,0,14919,4
1615827601,0,14919,4
1615831201,0,14919,4
1615834801,0,14919,4
1615838402,0,14919,4
1615842001,0,14919,4
1615845601,0,14919,4
1615849201,0,12398,5
1615852801,0,14919,4
1615856401,0,14919,4
1615860001,0,14919,4
1615863601,0,14900,6
1615867201,0,14919,4
1615870801,0,14919,4
1615874402,0,14919,4
1615878001,0,14919,4
1615881601,0,14919,4
1615885201,0,14919,4
1615888801,0,14911,4
1615892401,0,12392,5
1615896001,1.2,11376,33
1615899601,0,14911,4
1615903201,0,14911,4
1615906801,0,14911,4
1615910401,0,14911,4
1615914001,0,14911,4
1615917601,0,14911,4
1615921201,0,14919,4
1615924802,0,14919,4
1615928401,0,14919,4
1615932001,0,14919,4
1615935601,3,14342,59
1615939201,3,20240,54
